100 long
SMC: 0:00:07.035483
REGEX:0:00:01.256694
FLEX:0:00:01.298151
200 long
SMC: 0:00:17.609210
REGEX:0:00:02.216945
FLEX:0:00:02.528949
300 long
SMC: 0:00:26.836332
REGEX:0:00:03.739641
FLEX:
400 long
SMC: 0:00:31.794324
REGEX:0:00:04.937352
FLEX:0:00:04.900610